data: 1080 runs -> 864 train, 216 val (held-out)
  train points: 6,941,663   val points: 1,747,792
  held-out run ids: [3, 6, 9, 13, 22, 24, 26, 37, 47, 50, 54, 57, 70, 71, 75, 82, 85, 91, 97, 99, 100, 101, 107, 118, 125, 127, 143, 145, 159, 161, 165, 167, 187, 194, 195, 200, 207, 209, 210, 213, 221, 223, 235, 239, 245, 246, 254, 265, 270, 271, 274, 275, 281, 282, 293, 298, 300, 306, 315, 324, 326, 330, 336, 338, 341, 347, 353, 355, 357, 359, 375, 382, 383, 389, 390, 392, 396, 423, 426, 434, 450, 452, 460, 463, 465, 471, 472, 486, 495, 499, 501, 509, 514, 520, 522, 528, 532, 549, 552, 562, 567, 571, 573, 579, 591, 595, 596, 598, 600, 602, 603, 604, 607, 623, 627, 634, 644, 649, 653, 655, 668, 679, 680, 684, 685, 687, 702, 706, 708, 712, 714, 715, 718, 719, 723, 725, 729, 730, 734, 742, 745, 746, 750, 754, 757, 761, 774, 779, 782, 792, 798, 802, 809, 819, 828, 838, 845, 854, 856, 860, 865, 876, 878, 880, 891, 894, 896, 898, 905, 918, 923, 924, 925, 928, 936, 948, 956, 960, 961, 963, 965, 973, 980, 982, 985, 991, 993, 998, 999, 1000, 1004, 1007, 1011, 1013, 1021, 1024, 1027, 1031, 1036, 1037, 1038, 1043, 1045, 1046, 1047, 1048, 1053, 1059, 1060, 1062, 1064, 1067, 1068, 1070, 1073, 1080]
  depths in data: [10.0, 15.0, 20.0, 25.0, 30.0, 35.0]   t in data: [0.2, 0.3, 0.4, 0.5]
  ranges: E(50.0, 500.0) gamma(18.0, 22.0) phi(25.0, 35.0) depth(10.0, 35.0) t(0.2, 0.5)
  sig_ref=0.770 MPa  u_sd=9.10 mm  w_phys=0.5 w_liner=0.5 w_iface_disp=1.0 liner_norm=stiff
[step 0/15000] loss=4.674e-02  data=4.673e-02  soil=1.642e-05  liner=1.700e-08  iface_u=2.303e-07  RMSE train=1.9297 mm  val=1.9236 mm
[step 750/15000] loss=9.590e-03  data=8.129e-03  soil=2.064e-03  liner=3.440e-04  iface_u=2.574e-04  RMSE train=0.8405 mm  val=0.8713 mm
[step 1500/15000] loss=6.171e-03  data=5.014e-03  soil=1.812e-03  liner=1.585e-04  iface_u=1.722e-04  RMSE train=0.6812 mm  val=0.7049 mm
[step 2250/15000] loss=3.945e-03  data=2.726e-03  soil=1.973e-03  liner=1.318e-04  iface_u=1.667e-04  RMSE train=0.4642 mm  val=0.4891 mm
[step 3000/15000] loss=3.793e-03  data=2.272e-03  soil=2.791e-03  liner=8.695e-05  iface_u=8.199e-05  RMSE train=0.4311 mm  val=0.4482 mm
[step 3750/15000] loss=2.551e-03  data=1.282e-03  soil=2.256e-03  liner=8.633e-05  iface_u=9.757e-05  RMSE train=0.3243 mm  val=0.3323 mm
[step 4500/15000] loss=2.527e-03  data=1.212e-03  soil=2.410e-03  liner=5.898e-05  iface_u=7.956e-05  RMSE train=0.3087 mm  val=0.3135 mm
[step 5250/15000] loss=1.261e-03  data=7.925e-04  soil=7.967e-04  liner=4.229e-05  iface_u=4.931e-05  RMSE train=0.2448 mm  val=0.2441 mm
[step 6000/15000] loss=8.757e-04  data=5.392e-04  soil=5.758e-04  liner=3.987e-05  iface_u=2.870e-05  RMSE train=0.2202 mm  val=0.2189 mm
[step 6750/15000] loss=8.840e-04  data=4.554e-04  soil=7.731e-04  liner=3.247e-05  iface_u=2.584e-05  RMSE train=0.1964 mm  val=0.1959 mm
[step 7500/15000] loss=7.134e-04  data=4.025e-04  soil=5.517e-04  liner=2.204e-05  iface_u=2.398e-05  RMSE train=0.1793 mm  val=0.1784 mm
[step 8250/15000] loss=6.627e-04  data=3.855e-04  soil=4.871e-04  liner=2.133e-05  iface_u=2.298e-05  RMSE train=0.1767 mm  val=0.1765 mm
[step 9000/15000] loss=4.720e-04  data=2.400e-04  soil=4.191e-04  liner=1.629e-05  iface_u=1.426e-05  RMSE train=0.1443 mm  val=0.1442 mm
[step 9750/15000] loss=4.723e-04  data=2.230e-04  soil=4.532e-04  liner=1.094e-05  iface_u=1.726e-05  RMSE train=0.1376 mm  val=0.1402 mm
[step 10500/15000] loss=4.305e-04  data=1.830e-04  soil=4.597e-04  liner=1.102e-05  iface_u=1.214e-05  RMSE train=0.1227 mm  val=0.1259 mm
[step 11250/15000] loss=3.759e-04  data=1.636e-04  soil=3.867e-04  liner=9.366e-06  iface_u=1.425e-05  RMSE train=0.1204 mm  val=0.1235 mm
[step 12000/15000] loss=4.504e-04  data=1.493e-04  soil=5.792e-04  liner=8.152e-06  iface_u=7.332e-06  RMSE train=0.1103 mm  val=0.1146 mm
[step 12750/15000] loss=3.072e-04  data=1.366e-04  soil=3.188e-04  liner=6.686e-06  iface_u=7.877e-06  RMSE train=0.1051 mm  val=0.1099 mm
[step 13500/15000] loss=3.060e-04  data=1.298e-04  soil=3.294e-04  liner=6.391e-06  iface_u=8.290e-06  RMSE train=0.1004 mm  val=0.1054 mm
[step 14250/15000] loss=2.428e-04  data=1.148e-04  soil=2.365e-04  liner=6.997e-06  iface_u=6.248e-06  RMSE train=0.0958 mm  val=0.1015 mm
[step 15000/15000] loss=2.558e-04  data=1.118e-04  soil=2.648e-04  liner=7.905e-06  iface_u=7.666e-06  RMSE train=0.0931 mm  val=0.0993 mm

Pro Validierungslauf [mm]:  Lauf  E  gamma  phi  depth  t | max|u| FEM  PINN | RMSE gesamt  Schale  Boden
     3    50   18   35  10.0 0.20 |   10.38   10.82 |   0.207   0.253   0.200
     6    50   20   35  10.0 0.20 |   11.72   12.20 |   0.249   0.302   0.241
     9    50   22   35  10.0 0.20 |   13.06   13.66 |   0.346   0.377   0.341
    13   100   20   25  10.0 0.20 |    5.60    5.92 |   0.130   0.142   0.128
    22   150   20   25  10.0 0.20 |    3.83    3.98 |   0.109   0.137   0.104
    24   150   20   35  10.0 0.20 |    4.22    4.51 |   0.123   0.161   0.116
    26   150   22   30  10.0 0.20 |    4.49    4.71 |   0.118   0.137   0.115
    37   500   18   25  10.0 0.20 |    1.11    1.32 |   0.042   0.085   0.032
    47    50   18   30  10.0 0.30 |    8.63    8.76 |   0.092   0.087   0.093
    50    50   20   30  10.0 0.30 |    9.87    9.93 |   0.118   0.128   0.116
    54    50   22   35  10.0 0.30 |   11.47   11.73 |   0.200   0.239   0.193
    57   100   18   35  10.0 0.30 |    4.85    5.12 |   0.083   0.092   0.081
    70   150   22   25  10.0 0.30 |    3.96    4.00 |   0.093   0.104   0.091
    71   150   22   30  10.0 0.30 |    4.14    4.20 |   0.084   0.085   0.084
    75   300   18   35  10.0 0.30 |    1.80    2.03 |   0.036   0.062   0.029
    82   500   18   25  10.0 0.30 |    1.03    1.21 |   0.032   0.061   0.024
    85   500   20   25  10.0 0.30 |    1.17    1.35 |   0.034   0.060   0.027
    91    50   18   25  10.0 0.40 |    7.41    7.62 |   0.092   0.077   0.095
    97    50   22   25  10.0 0.40 |    9.84    9.97 |   0.138   0.112   0.142
    99    50   22   35  10.0 0.40 |   10.29   10.53 |   0.174   0.201   0.168
   100   100   18   25  10.0 0.40 |    3.99    4.22 |   0.074   0.067   0.075
   101   100   18   30  10.0 0.40 |    4.13    4.35 |   0.066   0.055   0.068
   107   100   22   30  10.0 0.40 |    5.43    5.54 |   0.069   0.065   0.070
   118   300   18   25  10.0 0.40 |    1.50    1.65 |   0.038   0.055   0.033
   125   300   22   30  10.0 0.40 |    2.05    2.16 |   0.045   0.051   0.044
   127   500   18   25  10.0 0.40 |    0.95    1.11 |   0.033   0.054   0.026
   143    50   22   30  10.0 0.50 |    9.37    9.49 |   0.144   0.133   0.146
   145   100   18   25  10.0 0.50 |    3.60    3.89 |   0.092   0.087   0.094
   159   150   20   35  10.0 0.50 |    3.14    3.22 |   0.064   0.072   0.061
   161   150   22   30  10.0 0.50 |    3.50    3.49 |   0.094   0.099   0.092
   165   300   18   35  10.0 0.50 |    1.48    1.62 |   0.049   0.050   0.049
   167   300   20   30  10.0 0.50 |    1.67    1.74 |   0.029   0.034   0.027
   187    50   22   25  15.0 0.20 |   12.62   12.79 |   0.108   0.121   0.106
   194   100   20   30  15.0 0.20 |    6.50    6.60 |   0.045   0.058   0.043
   195   100   20   35  15.0 0.20 |    6.92    7.11 |   0.077   0.086   0.075
   200   150   18   30  15.0 0.20 |    3.99    4.18 |   0.043   0.076   0.035
   207   150   22   35  15.0 0.20 |    5.31    5.54 |   0.053   0.082   0.047
   209   300   18   30  15.0 0.20 |    2.12    2.33 |   0.045   0.070   0.041
   210   300   18   35  15.0 0.20 |    2.26    2.51 |   0.048   0.078   0.042
   213   300   20   35  15.0 0.20 |    2.53    2.75 |   0.054   0.069   0.052
   221   500   20   30  15.0 0.20 |    1.51    1.65 |   0.073   0.072   0.073
   223   500   22   25  15.0 0.20 |    1.57    1.75 |   0.073   0.084   0.071
   235   100   18   25  15.0 0.30 |    4.70    4.74 |   0.043   0.047   0.043
   239   100   20   30  15.0 0.30 |    5.69    5.63 |   0.072   0.096   0.067
   245   150   18   30  15.0 0.30 |    3.54    3.60 |   0.042   0.047   0.041
   246   150   18   35  15.0 0.30 |    3.76    3.87 |   0.045   0.050   0.045
   254   300   18   30  15.0 0.30 |    1.93    2.06 |   0.050   0.056   0.049
   265   500   20   25  15.0 0.30 |    1.30    1.42 |   0.054   0.054   0.054
   270   500   22   35  15.0 0.30 |    1.65    1.81 |   0.087   0.072   0.090
   271    50   18   25  15.0 0.40 |    7.23    7.40 |   0.062   0.084   0.056
   274    50   20   25  15.0 0.40 |    8.38    8.58 |   0.079   0.104   0.073
   275    50   20   30  15.0 0.40 |    8.70    8.80 |   0.078   0.088   0.076
   281   100   18   30  15.0 0.40 |    4.29    4.34 |   0.056   0.060   0.055
   282   100   18   35  15.0 0.40 |    4.50    4.60 |   0.060   0.065   0.059
   293   150   20   30  15.0 0.40 |    3.54    3.52 |   0.050   0.061   0.048
   298   300   18   25  15.0 0.40 |    1.62    1.73 |   0.044   0.048   0.043
   300   300   18   35  15.0 0.40 |    1.84    1.95 |   0.060   0.064   0.059
   306   300   22   35  15.0 0.40 |    2.36    2.46 |   0.071   0.066   0.072
   315   500   22   35  15.0 0.40 |    1.53    1.65 |   0.079   0.065   0.082
   324    50   22   35  15.0 0.50 |    9.10    9.41 |   0.114   0.118   0.113
   326   100   18   30  15.0 0.50 |    3.71    3.90 |   0.076   0.077   0.075
   330   100   20   35  15.0 0.50 |    4.51    4.60 |   0.046   0.055   0.043
   336   150   18   35  15.0 0.50 |    2.81    2.94 |   0.059   0.065   0.057
   338   150   20   30  15.0 0.50 |    3.13    3.13 |   0.034   0.040   0.032
   341   150   22   30  15.0 0.50 |    3.57    3.55 |   0.045   0.044   0.046
   347   300   20   30  15.0 0.50 |    1.79    1.83 |   0.046   0.052   0.045
   353   500   18   30  15.0 0.50 |    1.02    1.10 |   0.050   0.045   0.052
   355   500   20   25  15.0 0.50 |    1.11    1.19 |   0.040   0.039   0.040
   357   500   20   35  15.0 0.50 |    1.25    1.32 |   0.061   0.056   0.063
   359   500   22   30  15.0 0.50 |    1.33    1.41 |   0.055   0.049   0.057
   375   100   20   35  20.0 0.20 |    7.78    7.85 |   0.050   0.055   0.049
   382   150   20   25  20.0 0.20 |    4.60    4.65 |   0.039   0.056   0.035
   383   150   20   30  20.0 0.20 |    5.01    5.06 |   0.045   0.050   0.044
   389   300   18   30  20.0 0.20 |    2.40    2.54 |   0.060   0.070   0.059
   390   300   18   35  20.0 0.20 |    2.59    2.75 |   0.062   0.070   0.060
   392   300   20   30  20.0 0.20 |    2.69    2.80 |   0.079   0.084   0.078
   396   300   22   35  20.0 0.20 |    3.21    3.37 |   0.097   0.091   0.098
   423   100   22   35  20.0 0.30 |    7.37    7.27 |   0.114   0.144   0.108
   426   150   18   35  20.0 0.30 |    4.20    4.23 |   0.073   0.076   0.072
   434   300   18   30  20.0 0.30 |    2.17    2.24 |   0.072   0.075   0.072
   450   500   22   35  20.0 0.30 |    1.88    1.95 |   0.130   0.112   0.133
   452    50   18   30  20.0 0.40 |    7.64    7.73 |   0.051   0.067   0.048
   460   100   18   25  20.0 0.40 |    4.23    4.26 |   0.042   0.046   0.042
   463   100   20   25  20.0 0.40 |    4.85    4.82 |   0.056   0.067   0.053
   465   100   20   35  20.0 0.40 |    5.51    5.46 |   0.078   0.096   0.073
   471   150   18   35  20.0 0.40 |    3.56    3.61 |   0.064   0.072   0.062
   472   150   20   25  20.0 0.40 |    3.53    3.50 |   0.056   0.062   0.055
   486   300   22   35  20.0 0.40 |    2.63    2.67 |   0.110   0.107   0.111
   495   500   22   35  20.0 0.40 |    1.73    1.78 |   0.118   0.102   0.121
   499    50   20   25  20.0 0.50 |    7.26    7.32 |   0.065   0.065   0.064
   501    50   20   35  20.0 0.50 |    7.82    7.95 |   0.066   0.077   0.063
   509   100   20   30  20.0 0.50 |    4.43    4.41 |   0.045   0.063   0.039
   514   150   18   25  20.0 0.50 |    2.65    2.75 |   0.046   0.057   0.042
   520   150   22   25  20.0 0.50 |    3.49    3.48 |   0.045   0.049   0.043
   522   150   22   35  20.0 0.50 |    3.93    3.92 |   0.059   0.060   0.059
   528   300   20   35  20.0 0.50 |    2.07    2.09 |   0.080   0.087   0.079
   532   500   18   25  20.0 0.50 |    1.06    1.12 |   0.052   0.046   0.053
   549    50   22   35  25.0 0.20 |   17.35   16.97 |   0.151   0.195   0.143
   552   100   18   35  25.0 0.20 |    7.72    7.72 |   0.063   0.053   0.064
   562   150   20   25  25.0 0.20 |    5.02    5.05 |   0.050   0.081   0.044
   567   150   22   35  25.0 0.20 |    6.67    6.72 |   0.055   0.059   0.054
   571   300   20   25  25.0 0.20 |    2.74    2.81 |   0.080   0.100   0.077
   573   300   20   35  25.0 0.20 |    3.26    3.31 |   0.098   0.096   0.098
   579   500   18   35  25.0 0.20 |    1.86    1.84 |   0.124   0.102   0.126
   591    50   20   35  25.0 0.30 |   12.12   12.09 |   0.123   0.138   0.121
   595   100   18   25  25.0 0.30 |    5.38    5.30 |   0.062   0.074   0.059
   596   100   18   30  25.0 0.30 |    5.91    5.75 |   0.103   0.132   0.097
   598   100   20   25  25.0 0.30 |    6.08    5.91 |   0.093   0.120   0.088
   600   100   20   35  25.0 0.30 |    7.21    6.98 |   0.139   0.187   0.130
   602   100   22   30  25.0 0.30 |    7.41    7.17 |   0.142   0.187   0.133
   603   100   22   35  25.0 0.30 |    8.02    7.81 |   0.137   0.181   0.129
   604   150   18   25  25.0 0.30 |    3.88    3.89 |   0.047   0.048   0.047
   607   150   20   25  25.0 0.30 |    4.38    4.31 |   0.074   0.082   0.073
   623   500   18   30  25.0 0.30 |    1.57    1.55 |   0.102   0.098   0.103
   627   500   20   35  25.0 0.30 |    1.91    1.87 |   0.144   0.134   0.145
   634    50   20   25  25.0 0.40 |    8.38    8.47 |   0.080   0.083   0.079
   644   100   20   30  25.0 0.40 |    5.47    5.34 |   0.095   0.123   0.088
   649   150   18   25  25.0 0.40 |    3.28    3.33 |   0.040   0.044   0.039
   653   150   20   30  25.0 0.40 |    4.07    3.99 |   0.095   0.114   0.090
   655   150   22   25  25.0 0.40 |    4.19    4.16 |   0.066   0.071   0.065
   668   500   18   30  25.0 0.40 |    1.42    1.40 |   0.093   0.089   0.094
   679    50   20   25  25.0 0.50 |    7.08    7.08 |   0.088   0.092   0.086
   680    50   20   30  25.0 0.50 |    7.44    7.40 |   0.083   0.092   0.080
   684    50   22   35  25.0 0.50 |    8.87    9.13 |   0.105   0.101   0.107
   685   100   18   25  25.0 0.50 |    3.68    3.79 |   0.042   0.056   0.037
   687   100   18   35  25.0 0.50 |    4.20    4.33 |   0.045   0.058   0.041
   702   150   22   35  25.0 0.50 |    4.15    4.15 |   0.068   0.076   0.066
   706   300   20   25  25.0 0.50 |    1.93    1.96 |   0.060   0.061   0.060
   708   300   20   35  25.0 0.50 |    2.27    2.27 |   0.094   0.102   0.092
   712   500   18   25  25.0 0.50 |    1.16    1.19 |   0.062   0.056   0.063
   714   500   18   35  25.0 0.50 |    1.37    1.36 |   0.093   0.084   0.096
   715   500   20   25  25.0 0.50 |    1.32    1.34 |   0.074   0.070   0.075
   718   500   22   25  25.0 0.50 |    1.48    1.50 |   0.082   0.077   0.083
   719   500   22   30  25.0 0.50 |    1.61    1.61 |   0.105   0.099   0.106
   723    50   18   35  30.0 0.20 |   15.13   14.86 |   0.118   0.167   0.109
   725    50   20   30  30.0 0.20 |   15.42   15.24 |   0.148   0.154   0.147
   729    50   22   35  30.0 0.20 |   18.71   17.94 |   0.237   0.376   0.209
   730   100   18   25  30.0 0.20 |    6.86    6.93 |   0.105   0.130   0.101
   734   100   20   30  30.0 0.20 |    8.56    8.47 |   0.059   0.084   0.054
   742   150   20   25  30.0 0.20 |    5.40    5.45 |   0.075   0.125   0.065
   745   150   22   25  30.0 0.20 |    5.97    6.03 |   0.081   0.136   0.069
   746   150   22   30  30.0 0.20 |    6.64    6.65 |   0.054   0.076   0.050
   750   300   18   35  30.0 0.20 |    3.20    3.25 |   0.080   0.093   0.078
   754   300   22   25  30.0 0.20 |    3.28    3.39 |   0.096   0.129   0.090
   757   500   18   25  30.0 0.20 |    1.73    1.68 |   0.114   0.127   0.112
   761   500   20   30  30.0 0.20 |    2.12    2.01 |   0.149   0.147   0.149
   774    50   22   35  30.0 0.30 |   14.21   14.18 |   0.105   0.133   0.100
   779   100   20   30  30.0 0.30 |    7.09    6.82 |   0.141   0.191   0.130
   782   100   22   30  30.0 0.30 |    7.88    7.60 |   0.139   0.189   0.129
   792   150   22   35  30.0 0.30 |    6.28    6.13 |   0.141   0.147   0.140
   798   300   20   35  30.0 0.30 |    3.21    3.19 |   0.129   0.137   0.128
   802   500   18   25  30.0 0.30 |    1.56    1.54 |   0.093   0.094   0.093
   809   500   22   30  30.0 0.30 |    2.13    2.09 |   0.151   0.145   0.152
   819    50   22   35  30.0 0.40 |   10.86   11.08 |   0.142   0.168   0.136
   828   100   22   35  30.0 0.40 |    6.91    6.81 |   0.087   0.111   0.081
   838   300   18   25  30.0 0.40 |    2.07    2.15 |   0.057   0.057   0.057
   845   300   22   30  30.0 0.40 |    2.88    2.91 |   0.114   0.119   0.113
   854   500   22   30  30.0 0.40 |    1.93    1.92 |   0.136   0.127   0.137
   856    50   18   25  30.0 0.50 |    5.93    6.07 |   0.123   0.137   0.119
   860    50   20   30  30.0 0.50 |    7.32    7.35 |   0.120   0.133   0.117
   865   100   18   25  30.0 0.50 |    3.73    3.91 |   0.058   0.080   0.051
   876   150   18   35  30.0 0.50 |    3.39    3.54 |   0.045   0.054   0.042
   878   150   20   30  30.0 0.50 |    3.58    3.63 |   0.050   0.062   0.047
   880   150   22   25  30.0 0.50 |    3.69    3.80 |   0.044   0.056   0.040
   891   300   22   35  30.0 0.50 |    2.72    2.78 |   0.109   0.108   0.109
   894   500   18   35  30.0 0.50 |    1.50    1.48 |   0.104   0.088   0.108
   896   500   20   30  30.0 0.50 |    1.56    1.54 |   0.105   0.099   0.106
   898   500   22   25  30.0 0.50 |    1.58    1.62 |   0.090   0.083   0.091
   905    50   20   30  35.0 0.20 |   16.08   15.94 |   0.166   0.202   0.160
   918   100   22   35  35.0 0.20 |   10.98   11.03 |   0.120   0.177   0.109
   923   150   20   30  35.0 0.20 |    6.33    6.42 |   0.077   0.112   0.071
   924   150   20   35  35.0 0.20 |    6.99    7.02 |   0.081   0.117   0.075
   925   150   22   25  35.0 0.20 |    6.23    6.45 |   0.139   0.212   0.125
   928   300   18   25  35.0 0.20 |    2.79    2.94 |   0.107   0.162   0.097
   936   300   22   35  35.0 0.20 |    4.20    4.32 |   0.127   0.115   0.129
   948    50   18   35  35.0 0.30 |   11.71   11.70 |   0.116   0.145   0.110
   956   100   18   30  35.0 0.30 |    6.57    6.46 |   0.085   0.109   0.081
   960   100   20   35  35.0 0.30 |    8.11    7.86 |   0.147   0.191   0.138
   961   100   22   25  35.0 0.30 |    7.30    7.28 |   0.075   0.076   0.075
   963   100   22   35  35.0 0.30 |    8.99    8.74 |   0.154   0.192   0.147
   965   150   18   30  35.0 0.30 |    4.82    4.85 |   0.064   0.057   0.065
   973   300   18   25  35.0 0.30 |    2.48    2.61 |   0.067   0.080   0.065
   980   300   22   30  35.0 0.30 |    3.43    3.54 |   0.115   0.109   0.116
   982   500   18   25  35.0 0.30 |    1.64    1.65 |   0.098   0.098   0.098
   985   500   20   25  35.0 0.30 |    1.84    1.85 |   0.111   0.110   0.111
   991    50   18   25  35.0 0.40 |    7.21    7.47 |   0.131   0.130   0.131
   993    50   18   35  35.0 0.40 |    8.56    8.91 |   0.142   0.157   0.139
   998    50   22   30  35.0 0.40 |   10.05   10.35 |   0.132   0.125   0.134
   999    50   22   35  35.0 0.40 |   10.85   11.32 |   0.182   0.205   0.177
  1000   100   18   25  35.0 0.40 |    4.65    4.86 |   0.070   0.087   0.065
  1004   100   20   30  35.0 0.40 |    5.83    5.85 |   0.079   0.094   0.076
  1007   100   22   30  35.0 0.40 |    6.50    6.54 |   0.087   0.097   0.085
  1011   150   18   35  35.0 0.40 |    4.34    4.46 |   0.072   0.071   0.072
  1013   150   20   30  35.0 0.40 |    4.45    4.53 |   0.079   0.084   0.078
  1021   300   20   25  35.0 0.40 |    2.43    2.58 |   0.067   0.068   0.067
  1024   300   22   25  35.0 0.40 |    2.70    2.90 |   0.074   0.074   0.074
  1027   500   18   25  35.0 0.40 |    1.47    1.52 |   0.085   0.077   0.087
  1031   500   20   30  35.0 0.40 |    1.84    1.84 |   0.124   0.113   0.126
  1036    50   18   25  35.0 0.50 |    5.68    6.05 |   0.175   0.173   0.176
  1037    50   18   30  35.0 0.50 |    6.13    6.51 |   0.163   0.150   0.167
  1038    50   18   35  35.0 0.50 |    6.55    7.08 |   0.204   0.208   0.202
  1043    50   22   30  35.0 0.50 |    7.98    8.44 |   0.190   0.155   0.199
  1045   100   18   25  35.0 0.50 |    3.71    4.07 |   0.106   0.138   0.095
  1046   100   18   30  35.0 0.50 |    4.07    4.37 |   0.089   0.108   0.084
  1047   100   18   35  35.0 0.50 |    4.42    4.74 |   0.102   0.129   0.093
  1048   100   20   25  35.0 0.50 |    4.25    4.53 |   0.089   0.105   0.083
  1053   100   22   35  35.0 0.50 |    5.65    5.86 |   0.086   0.097   0.082
  1059   150   20   35  35.0 0.50 |    3.96    4.17 |   0.065   0.074   0.063
  1060   150   22   25  35.0 0.50 |    3.70    4.01 |   0.073   0.096   0.065
  1062   150   22   35  35.0 0.50 |    4.43    4.65 |   0.071   0.083   0.067
  1064   300   18   30  35.0 0.50 |    2.06    2.20 |   0.065   0.054   0.067
  1067   300   20   30  35.0 0.50 |    2.33    2.46 |   0.078   0.077   0.078
  1068   300   20   35  35.0 0.50 |    2.55    2.68 |   0.094   0.092   0.094
  1070   300   22   30  35.0 0.50 |    2.60    2.77 |   0.086   0.085   0.087
  1073   500   18   30  35.0 0.50 |    1.45    1.49 |   0.090   0.073   0.094
  1080   500   22   35  35.0 0.50 |    1.99    2.06 |   0.140   0.111   0.147

final RMSE  train=0.0931 mm   validation=0.0993 mm
saved results/geo_15k_w05/geo_15k_w05_model.pt, _losses.png, _rmse.png, _heldout.png
